Objective: 1158.682527
Week	Mon	Tue	Wed	Thu	Fri	Sat	Sun
 1	&O	&O	&A	&P	&N	&N	&N	&\\
 2	&NA	&NP	&NO	&NA	&ZP	&ZX	&ZX	&\\
 3	&O	&O	&O	&O	&A	&P	&P	&\\
 4	&O	&A	&P	&O	&O	&X	&X	&\\
 5	&O	&O	&O	&O	&O	&A	&A	&\\
 6	&P	&O	&O	&O	&O	&X	&X	&\\
occupancy [*,*] (tr)
:     LIME      NAVY     YELLOW     :=
1    53.3922   44.7265   22.0086
2    41.6459   34.8867   49.5667
3    32.4838   27.2116   69.192
4    54.4674   21.225    53.9698
5    42.4845   45.6255   42.0964
6    33.1379   65.1179   32.8352
7    48.9776   50.792    25.6115
8    60.5325   39.6177   19.9769
9    47.2154   30.9018   47.982
10   36.828    24.1034   67.956
11   28.7258   47.9307   53.0057
12   51.4761   37.3859   41.3444
13   40.1514   29.161    61.7786
14   31.3181   45.8756   48.1873
15   46.7581   35.783    37.5861
16   36.4713   60.3107   29.3172
17   28.4476   77.5724   22.8674
18   22.1892   60.5064   46.9666
19   46.3775   47.195    36.6339
20   36.1745   36.8121   58.1045
21   28.2161   28.7135   68.4515
22   22.0086   44.7265   53.3922
23   49.5667   34.8867   41.6459
24   69.192    27.2116   32.4838
25   53.9698   21.225    54.4674
26   42.0964   45.6255   42.4845
27   32.8352   65.1179   33.1379
28   25.6115   50.792    48.9776
29   19.9769   39.6177   60.5325
30   47.982    30.9018   47.2154
31   67.956    24.1034   36.828
32   53.0057   47.9307   28.7258
33   41.3444   37.3859   51.4761
34   61.7786   29.161    40.1514
35   48.1873   45.8756   31.3181
36   37.5861   35.783    46.7581
37   29.3172   60.3107   36.4713
38   22.8674   77.5724   28.4476
39   46.9666   60.5064   22.1892
40   36.6339   47.195    46.3775
41   58.1045   36.8121   36.1745
42   68.4515   28.7135   28.2161
;

