Objective: 1220.638098
Week	Mon	Tue	Wed	Thu	Fri	Sat	Sun
 1	&P	&O	&O	&O	&O	&X	&X	&\\
 2	&O	&A	&P	&O	&N	&N	&N	&\\
 3	&NO	&NO	&NA	&NP	&ZO	&ZX	&ZX	&\\
 4	&O	&O	&O	&O	&A	&P	&P	&\\
 5	&O	&O	&O	&A	&P	&X	&X	&\\
 6	&A	&P	&O	&O	&O	&A	&A	&\\
occupancy [*,*] (tr)
:     LIME      NAVY     YELLOW     :=
1    39.669    39.6912   40.767
2    30.9418   30.9591   64.1983
3    24.1346   24.1481   80.6047
4    18.825    47.9655   62.8716
5    43.7535   37.4131   49.0399
6    34.1277   58.7122   38.2511
7    26.6196   45.7955   52.9659
8    43.0933   35.7205   41.3134
9    33.6128   60.262    32.2244
10   26.218    77.5344   25.1351
11   20.45     60.4768   48.7353
12   15.951    47.1719   67.0836
13   41.9718   36.7941   52.3252
14   55.868    28.6994   40.8136
15   43.577    44.7155   31.8346
16   33.9901   34.8781   57.231
17   26.5123   27.2049   75.1702
18   49.8096   21.2198   58.6328
19   38.8515   45.6215   45.7335
20   30.3041   35.5848   65.2022
21   23.6372   50.8861   50.8577
22   40.767    39.6912   39.669
23   64.1983   30.9591   30.9418
24   80.6047   24.1481   24.1346
25   62.8716   47.9655   18.825
26   49.0399   37.4131   43.7535
27   38.2511   58.7122   34.1277
28   52.9659   45.7955   26.6196
29   41.3134   35.7205   43.0933
30   32.2244   60.262    33.6128
31   25.1351   77.5344   26.218
32   48.7353   60.4768   20.45
33   67.0836   47.1719   15.951
34   52.3252   36.7941   41.9718
35   40.8136   28.6994   55.868
36   31.8346   44.7155   43.577
37   57.231    34.8781   33.9901
38   75.1702   27.2049   26.5123
39   58.6328   21.2198   49.8096
40   45.7335   45.6215   38.8515
41   65.2022   35.5848   30.3041
42   50.8577   50.8861   23.6372
;

