Objective: 1280.136349
Week	Mon	Tue	Wed	Thu	Fri	Sat	Sun
 1	&O	&O	&O	&A	&P	&X	&X	&\\
 2	&O	&A	&P	&O	&N	&N	&N	&\\
 3	&NO	&NO	&NA	&NP	&ZO	&ZX	&ZX	&\\
 4	&O	&O	&O	&O	&O	&A	&A	&\\
 5	&P	&O	&O	&O	&O	&X	&X	&\\
 6	&A	&P	&O	&O	&A	&P	&P	&\\
occupancy [*,*] (tr)
:     LIME      NAVY     YELLOW     :=
1    45.5164   21.7904   52.8204
2    35.5028   49.3965   41.1999
3    27.6922   69.0593   32.1359
4    21.5999   53.8663   54.196
5    45.9179   42.0157   42.2729
6    35.816    62.3022   32.9729
7    27.9365   48.5957   48.8488
8    21.7904   37.9047   60.4321
9    49.3965   29.5656   47.137
10   69.0593   23.0612   36.7669
11   53.8663   47.1177   28.6782
12   42.0157   36.7518   51.439
13   62.3022   28.6664   40.1224
14   48.5957   22.3598   54.4255
15   37.9047   39.7707   42.4519
16   29.5656   63.4211   33.1125
17   23.0612   79.9985   25.8277
18   47.1177   62.3988   20.1456
19   36.7518   48.6711   44.7836
20   28.6664   37.9634   64.4612
21   22.3598   52.7415   50.2797
22   39.7707   41.1384   39.2182
23   63.4211   32.0879   30.5902
24   79.9985   25.0286   23.8603
25   62.3988   48.6523   18.6111
26   48.6711   67.0188   14.5166
27   37.9634   52.2747   40.853
28   52.7415   40.7742   31.8653
29   41.1384   54.1339   24.855
30   32.0879   42.2244   51.7869
31   25.0286   32.9351   70.9238
32   48.6523   25.6893   55.3205
33   67.0188   20.0377   43.15
34   52.2747   45.1594   33.657
35   40.7742   58.3543   26.2525
36   54.1339   45.5164   20.4769
37   42.2244   35.5028   48.372
38   32.9351   27.6922   68.2602
39   25.6893   21.5999   82.3729
40   20.0377   45.9179   64.2509
41   45.1594   35.816    50.1157
42   58.3543   27.9365   39.0902
;

