Objective: 1280.136349
Week	Mon	Tue	Wed	Thu	Fri	Sat	Sun
 1	&O	&O	&O	&A	&P	&X	&X	&\\
 2	&O	&A	&P	&O	&N	&N	&N	&\\
 3	&NO	&NO	&NA	&NP	&ZO	&ZX	&ZX	&\\
 4	&O	&O	&O	&O	&O	&A	&A	&\\
 5	&P	&O	&O	&O	&O	&X	&X	&\\
 6	&A	&P	&O	&O	&A	&P	&P	&\\
occupancy [*,*] (tr)
:     LIME      NAVY     YELLOW     :=
1    45.5164   54.1339   20.4769
2    35.5028   42.2244   48.372
3    27.6922   32.9351   68.2602
4    21.5999   25.6893   82.3729
5    45.9179   20.0377   64.2509
6    35.816    45.1594   50.1157
7    27.9365   58.3543   39.0902
8    21.7904   45.5164   52.8204
9    49.3965   35.5028   41.1999
10   69.0593   27.6922   32.1359
11   53.8663   21.5999   54.196
12   42.0157   45.9179   42.2729
13   62.3022   35.816    32.9729
14   48.5957   27.9365   48.8488
15   37.9047   21.7904   60.4321
16   29.5656   49.3965   47.137
17   23.0612   69.0593   36.7669
18   47.1177   53.8663   28.6782
19   36.7518   42.0157   51.439
20   28.6664   62.3022   40.1224
21   22.3598   48.5957   54.4255
22   39.7707   37.9047   42.4519
23   63.4211   29.5656   33.1125
24   79.9985   23.0612   25.8277
25   62.3988   47.1177   20.1456
26   48.6711   36.7518   44.7836
27   37.9634   28.6664   64.4612
28   52.7415   22.3598   50.2797
29   41.1384   39.7707   39.2182
30   32.0879   63.4211   30.5902
31   25.0286   79.9985   23.8603
32   48.6523   62.3988   18.6111
33   67.0188   48.6711   14.5166
34   52.2747   37.9634   40.853
35   40.7742   52.7415   31.8653
36   54.1339   41.1384   24.855
37   42.2244   32.0879   51.7869
38   32.9351   25.0286   70.9238
39   25.6893   48.6523   55.3205
40   20.0377   67.0188   43.15
41   45.1594   52.2747   33.657
42   58.3543   40.7742   26.2525
;

