Objective: 1220.638098
Week	Mon	Tue	Wed	Thu	Fri	Sat	Sun
 1	&O	&O	&O	&A	&P	&X	&X	&\\
 2	&A	&P	&O	&O	&O	&A	&A	&\\
 3	&P	&O	&O	&O	&O	&X	&X	&\\
 4	&O	&A	&P	&O	&N	&N	&N	&\\
 5	&NO	&NO	&NA	&NP	&ZO	&ZX	&ZX	&\\
 6	&O	&O	&O	&O	&A	&P	&P	&\\
occupancy [*,*] (tr)
:     LIME      NAVY     YELLOW     :=
1    39.6912   40.767    39.669
2    30.9591   64.1983   30.9418
3    24.1481   80.6047   24.1346
4    47.9655   62.8716   18.825
5    37.4131   49.0399   43.7535
6    58.7122   38.2511   34.1277
7    45.7955   52.9659   26.6196
8    35.7205   41.3134   43.0933
9    60.262    32.2244   33.6128
10   77.5344   25.1351   26.218
11   60.4768   48.7353   20.45
12   47.1719   67.0836   15.951
13   36.7941   52.3252   41.9718
14   28.6994   40.8136   55.868
15   44.7155   31.8346   43.577
16   34.8781   57.231    33.9901
17   27.2049   75.1702   26.5123
18   21.2198   58.6328   49.8096
19   45.6215   45.7335   38.8515
20   35.5848   65.2022   30.3041
21   50.8861   50.8577   23.6372
22   39.6912   39.669    40.767
23   30.9591   30.9418   64.1983
24   24.1481   24.1346   80.6047
25   47.9655   18.825    62.8716
26   37.4131   43.7535   49.0399
27   58.7122   34.1277   38.2511
28   45.7955   26.6196   52.9659
29   35.7205   43.0933   41.3134
30   60.262    33.6128   32.2244
31   77.5344   26.218    25.1351
32   60.4768   20.45     48.7353
33   47.1719   15.951    67.0836
34   36.7941   41.9718   52.3252
35   28.6994   55.868    40.8136
36   44.7155   43.577    31.8346
37   34.8781   33.9901   57.231
38   27.2049   26.5123   75.1702
39   21.2198   49.8096   58.6328
40   45.6215   38.8515   45.7335
41   35.5848   30.3041   65.2022
42   50.8861   23.6372   50.8577
;

