Objective: 1158.682527
Week	Mon	Tue	Wed	Thu	Fri	Sat	Sun
 1	&O	&O	&A	&P	&N	&N	&N	&\\
 2	&NA	&NP	&NO	&NA	&ZP	&ZX	&ZX	&\\
 3	&O	&O	&O	&O	&A	&P	&P	&\\
 4	&O	&A	&P	&O	&O	&X	&X	&\\
 5	&O	&O	&O	&O	&O	&A	&A	&\\
 6	&P	&O	&O	&O	&O	&X	&X	&\\
occupancy [*,*] (tr)
:     LIME      NAVY     YELLOW     :=
1    39.6177   60.5325   19.9769
2    30.9018   47.2154   47.982
3    24.1034   36.828    67.956
4    47.9307   28.7258   53.0057
5    37.3859   51.4761   41.3444
6    29.161    40.1514   61.7786
7    45.8756   31.3181   48.1873
8    35.783    46.7581   37.5861
9    60.3107   36.4713   29.3172
10   77.5724   28.4476   22.8674
11   60.5064   22.1892   46.9666
12   47.195    46.3775   36.6339
13   36.8121   36.1745   58.1045
14   28.7135   28.2161   68.4515
15   44.7265   22.0086   53.3922
16   34.8867   49.5667   41.6459
17   27.2116   69.192    32.4838
18   21.225    53.9698   54.4674
19   45.6255   42.0964   42.4845
20   65.1179   32.8352   33.1379
21   50.792    25.6115   48.9776
22   39.6177   19.9769   60.5325
23   30.9018   47.982    47.2154
24   24.1034   67.956    36.828
25   47.9307   53.0057   28.7258
26   37.3859   41.3444   51.4761
27   29.161    61.7786   40.1514
28   45.8756   48.1873   31.3181
29   35.783    37.5861   46.7581
30   60.3107   29.3172   36.4713
31   77.5724   22.8674   28.4476
32   60.5064   46.9666   22.1892
33   47.195    36.6339   46.3775
34   36.8121   58.1045   36.1745
35   28.7135   68.4515   28.2161
36   44.7265   53.3922   22.0086
37   34.8867   41.6459   49.5667
38   27.2116   32.4838   69.192
39   21.225    54.4674   53.9698
40   45.6255   42.4845   42.0964
41   65.1179   33.1379   32.8352
42   50.792    48.9776   25.6115
;

