Objective: 1280.136349
Week	Mon	Tue	Wed	Thu	Fri	Sat	Sun
 1	&P	&O	&O	&O	&O	&X	&X	&\\
 2	&A	&P	&O	&O	&A	&P	&P	&\\
 3	&O	&O	&O	&A	&P	&X	&X	&\\
 4	&O	&A	&P	&O	&N	&N	&N	&\\
 5	&NO	&NO	&NA	&NP	&ZO	&ZX	&ZX	&\\
 6	&O	&O	&O	&O	&O	&A	&A	&\\
occupancy [*,*] (tr)
:     LIME      NAVY     YELLOW     :=
1    37.9047   39.7707   42.4519
2    29.5656   63.4211   33.1125
3    23.0612   79.9985   25.8277
4    47.1177   62.3988   20.1456
5    36.7518   48.6711   44.7836
6    28.6664   37.9634   64.4612
7    22.3598   52.7415   50.2797
8    39.7707   41.1384   39.2182
9    63.4211   32.0879   30.5902
10   79.9985   25.0286   23.8603
11   62.3988   48.6523   18.6111
12   48.6711   67.0188   14.5166
13   37.9634   52.2747   40.853
14   52.7415   40.7742   31.8653
15   41.1384   54.1339   24.855
16   32.0879   42.2244   51.7869
17   25.0286   32.9351   70.9238
18   48.6523   25.6893   55.3205
19   67.0188   20.0377   43.15
20   52.2747   45.1594   33.657
21   40.7742   58.3543   26.2525
22   54.1339   45.5164   20.4769
23   42.2244   35.5028   48.372
24   32.9351   27.6922   68.2602
25   25.6893   21.5999   82.3729
26   20.0377   45.9179   64.2509
27   45.1594   35.816    50.1157
28   58.3543   27.9365   39.0902
29   45.5164   21.7904   52.8204
30   35.5028   49.3965   41.1999
31   27.6922   69.0593   32.1359
32   21.5999   53.8663   54.196
33   45.9179   42.0157   42.2729
34   35.816    62.3022   32.9729
35   27.9365   48.5957   48.8488
36   21.7904   37.9047   60.4321
37   49.3965   29.5656   47.137
38   69.0593   23.0612   36.7669
39   53.8663   47.1177   28.6782
40   42.0157   36.7518   51.439
41   62.3022   28.6664   40.1224
42   48.5957   22.3598   54.4255
;

