Objective: 1220.638098
Week	Mon	Tue	Wed	Thu	Fri	Sat	Sun
 1	&O	&A	&P	&O	&N	&N	&N	&\\
 2	&NO	&NO	&NA	&NP	&ZO	&ZX	&ZX	&\\
 3	&O	&O	&O	&O	&A	&P	&P	&\\
 4	&O	&O	&O	&A	&P	&X	&X	&\\
 5	&A	&P	&O	&O	&O	&A	&A	&\\
 6	&P	&O	&O	&O	&O	&X	&X	&\\
occupancy [*,*] (tr)
:     LIME      NAVY     YELLOW     :=
1    31.8346   43.577    44.7155
2    57.231    33.9901   34.8781
3    75.1702   26.5123   27.2049
4    58.6328   49.8096   21.2198
5    45.7335   38.8515   45.6215
6    65.2022   30.3041   35.5848
7    50.8577   23.6372   50.8861
8    39.669    40.767    39.6912
9    30.9418   64.1983   30.9591
10   24.1346   80.6047   24.1481
11   18.825    62.8716   47.9655
12   43.7535   49.0399   37.4131
13   34.1277   38.2511   58.7122
14   26.6196   52.9659   45.7955
15   43.0933   41.3134   35.7205
16   33.6128   32.2244   60.262
17   26.218    25.1351   77.5344
18   20.45     48.7353   60.4768
19   15.951    67.0836   47.1719
20   41.9718   52.3252   36.7941
21   55.868    40.8136   28.6994
22   43.577    31.8346   44.7155
23   33.9901   57.231    34.8781
24   26.5123   75.1702   27.2049
25   49.8096   58.6328   21.2198
26   38.8515   45.7335   45.6215
27   30.3041   65.2022   35.5848
28   23.6372   50.8577   50.8861
29   40.767    39.669    39.6912
30   64.1983   30.9418   30.9591
31   80.6047   24.1346   24.1481
32   62.8716   18.825    47.9655
33   49.0399   43.7535   37.4131
34   38.2511   34.1277   58.7122
35   52.9659   26.6196   45.7955
36   41.3134   43.0933   35.7205
37   32.2244   33.6128   60.262
38   25.1351   26.218    77.5344
39   48.7353   20.45     60.4768
40   67.0836   15.951    47.1719
41   52.3252   41.9718   36.7941
42   40.8136   55.868    28.6994
;

