Objective: 1280.136349
Week	Mon	Tue	Wed	Thu	Fri	Sat	Sun
 1	&A	&P	&O	&O	&A	&P	&P	&\\
 2	&O	&O	&O	&A	&P	&X	&X	&\\
 3	&O	&A	&P	&O	&N	&N	&N	&\\
 4	&NO	&NO	&NA	&NP	&ZO	&ZX	&ZX	&\\
 5	&O	&O	&O	&O	&O	&A	&A	&\\
 6	&P	&O	&O	&O	&O	&X	&X	&\\
occupancy [*,*] (tr)
:     LIME      NAVY     YELLOW     :=
1    39.7707   42.4519   37.9047
2    63.4211   33.1125   29.5656
3    79.9985   25.8277   23.0612
4    62.3988   20.1456   47.1177
5    48.6711   44.7836   36.7518
6    37.9634   64.4612   28.6664
7    52.7415   50.2797   22.3598
8    41.1384   39.2182   39.7707
9    32.0879   30.5902   63.4211
10   25.0286   23.8603   79.9985
11   48.6523   18.6111   62.3988
12   67.0188   14.5166   48.6711
13   52.2747   40.853    37.9634
14   40.7742   31.8653   52.7415
15   54.1339   24.855    41.1384
16   42.2244   51.7869   32.0879
17   32.9351   70.9238   25.0286
18   25.6893   55.3205   48.6523
19   20.0377   43.15     67.0188
20   45.1594   33.657    52.2747
21   58.3543   26.2525   40.7742
22   45.5164   20.4769   54.1339
23   35.5028   48.372    42.2244
24   27.6922   68.2602   32.9351
25   21.5999   82.3729   25.6893
26   45.9179   64.2509   20.0377
27   35.816    50.1157   45.1594
28   27.9365   39.0902   58.3543
29   21.7904   52.8204   45.5164
30   49.3965   41.1999   35.5028
31   69.0593   32.1359   27.6922
32   53.8663   54.196    21.5999
33   42.0157   42.2729   45.9179
34   62.3022   32.9729   35.816
35   48.5957   48.8488   27.9365
36   37.9047   60.4321   21.7904
37   29.5656   47.137    49.3965
38   23.0612   36.7669   69.0593
39   47.1177   28.6782   53.8663
40   36.7518   51.439    42.0157
41   28.6664   40.1224   62.3022
42   22.3598   54.4255   48.5957
;

