Objective: 1139.384412
Week	Mon	Tue	Wed	Thu	Fri	Sat	Sun
 1	&O	&O	&O	&O	&N	&N	&N	&\\
 2	&NA	&NP	&NA	&NP	&ZO	&ZX	&ZX	&\\
 3	&O	&O	&O	&O	&A	&P	&P	&\\
 4	&O	&A	&P	&O	&O	&X	&X	&\\
 5	&O	&O	&O	&O	&O	&A	&A	&\\
 6	&P	&O	&O	&A	&P	&X	&X	&\\
occupancy [*,*] (tr)
:     LIME      NAVY     YELLOW     :=
1    40.8276   57.3881   21.9115
2    31.8455   44.7627   49.491
3    24.8395   34.9149   69.133
4    48.5048   27.2336   53.9237
5    37.8337   50.3122   42.0605
6    59.0403   39.2435   32.8072
7    46.0514   30.61     48.7196
8    35.9201   46.2058   38.0013
9    28.0177   36.0405   62.041
10   21.8538   28.1116   78.922
11   46.176    21.927    61.5592
12   36.0173   46.1731   48.0161
13   57.6235   36.015    37.4526
14   44.9463   28.0917   52.343
15   57.3881   21.9115   40.8276
16   44.7627   49.491    31.8455
17   34.9149   69.133    24.8395
18   27.2336   53.9237   48.5048
19   50.3122   42.0605   37.8337
20   39.2435   32.8072   59.0403
21   30.61     48.7196   46.0514
22   46.2058   38.0013   35.9201
23   36.0405   62.041    28.0177
24   28.1116   78.922    21.8538
25   21.927    61.5592   46.176
26   46.1731   48.0161   36.0173
27   36.015    37.4526   57.6235
28   28.0917   52.343    44.9463
29   21.9115   40.8276   57.3881
30   49.491    31.8455   44.7627
31   69.133    24.8395   34.9149
32   53.9237   48.5048   27.2336
33   42.0605   37.8337   50.3122
34   32.8072   59.0403   39.2435
35   48.7196   46.0514   30.61
36   38.0013   35.9201   46.2058
37   62.041    28.0177   36.0405
38   78.922    21.8538   28.1116
39   61.5592   46.176    21.927
40   48.0161   36.0173   46.1731
41   37.4526   57.6235   36.015
42   52.343    44.9463   28.0917
;

