Objective: 1280.136349
Week	Mon	Tue	Wed	Thu	Fri	Sat	Sun
 1	&O	&O	&O	&A	&P	&X	&X	&\\
 2	&O	&A	&P	&O	&N	&N	&N	&\\
 3	&NO	&NO	&NA	&NP	&ZO	&ZX	&ZX	&\\
 4	&O	&O	&O	&O	&O	&A	&A	&\\
 5	&P	&O	&O	&O	&O	&X	&X	&\\
 6	&A	&P	&O	&O	&A	&P	&P	&\\
occupancy [*,*] (tr)
:     LIME      NAVY     YELLOW     :=
1    60.4321   21.7904   37.9047
2    47.137    49.3965   29.5656
3    36.7669   69.0593   23.0612
4    28.6782   53.8663   47.1177
5    51.439    42.0157   36.7518
6    40.1224   62.3022   28.6664
7    54.4255   48.5957   22.3598
8    42.4519   37.9047   39.7707
9    33.1125   29.5656   63.4211
10   25.8277   23.0612   79.9985
11   20.1456   47.1177   62.3988
12   44.7836   36.7518   48.6711
13   64.4612   28.6664   37.9634
14   50.2797   22.3598   52.7415
15   39.2182   39.7707   41.1384
16   30.5902   63.4211   32.0879
17   23.8603   79.9985   25.0286
18   18.6111   62.3988   48.6523
19   14.5166   48.6711   67.0188
20   40.853    37.9634   52.2747
21   31.8653   52.7415   40.7742
22   24.855    41.1384   54.1339
23   51.7869   32.0879   42.2244
24   70.9238   25.0286   32.9351
25   55.3205   48.6523   25.6893
26   43.15     67.0188   20.0377
27   33.657    52.2747   45.1594
28   26.2525   40.7742   58.3543
29   20.4769   54.1339   45.5164
30   48.372    42.2244   35.5028
31   68.2602   32.9351   27.6922
32   82.3729   25.6893   21.5999
33   64.2509   20.0377   45.9179
34   50.1157   45.1594   35.816
35   39.0902   58.3543   27.9365
36   52.8204   45.5164   21.7904
37   41.1999   35.5028   49.3965
38   32.1359   27.6922   69.0593
39   54.196    21.5999   53.8663
40   42.2729   45.9179   42.0157
41   32.9729   35.816    62.3022
42   48.8488   27.9365   48.5957
;

