Objective: 1116.084675
Roster:	Mon	Tue	Wed	Thu	Fri	Sat	Sun
Week 1	 O	 A	 P	 O	 N	 N	 N	 
Week 2	 NO	 NO	 NO	 NO	 ZO	 ZX	 ZX	 
Week 3	 O	 O	 O	 O	 A	 P	 P	 
Week 4	 O	 O	 O	 A	 P	 X	 X	 
Week 5	 A	 P	 A	 P	 O	 A	 A	 
Week 6	 P	 O	 O	 O	 O	 X	 X	 
occupancy [*,*] (tr)
:     LIME      NAVY     YELLOW     :=
1    39.6912   35.7205   44.7155
2    30.9591   60.262    34.8781
3    24.1481   77.5344   27.2049
4    47.9655   60.4768   21.2198
5    37.4131   47.1719   45.6215
6    58.7122   36.7941   35.5848
7    45.7955   28.6994   50.8861
8    35.7205   44.7155   39.6912
9    60.262    34.8781   30.9591
10   77.5344   27.2049   24.1481
11   60.4768   21.2198   47.9655
12   47.1719   45.6215   37.4131
13   36.7941   35.5848   58.7122
14   28.6994   50.8861   45.7955
15   44.7155   39.6912   35.7205
16   34.8781   30.9591   60.262
17   27.2049   24.1481   77.5344
18   21.2198   47.9655   60.4768
19   45.6215   37.4131   47.1719
20   35.5848   58.7122   36.7941
21   50.8861   45.7955   28.6994
22   39.6912   35.7205   44.7155
23   30.9591   60.262    34.8781
24   24.1481   77.5344   27.2049
25   47.9655   60.4768   21.2198
26   37.4131   47.1719   45.6215
27   58.7122   36.7941   35.5848
28   45.7955   28.6994   50.8861
29   35.7205   44.7155   39.6912
30   60.262    34.8781   30.9591
31   77.5344   27.2049   24.1481
32   60.4768   21.2198   47.9655
33   47.1719   45.6215   37.4131
34   36.7941   35.5848   58.7122
35   28.6994   50.8861   45.7955
36   44.7155   39.6912   35.7205
37   34.8781   30.9591   60.262
38   27.2049   24.1481   77.5344
39   21.2198   47.9655   60.4768
40   45.6215   37.4131   47.1719
41   35.5848   58.7122   36.7941
42   50.8861   45.7955   28.6994
;

